0 2846.99827627992
0.022092783078107 2854.01735231748
0.044185566156214 2802.44240230233
0.066278349234321 2787.79389578916
0.088371132312428 2908.9492517419
0.110463915390535 2960.52420175704
0.132556698468642 2988.90568312633
0.154649481546749 3137.8321660103
0.176742264624856 3083.81579824296
0.198835047702963 3044.14275976977
0.22092783078107 3009.96291123902
0.243020613859177 2961.43973341412
0.265113396937284 2916.27350499849
0.287206180015391 2833.26530142381
0.309298963093498 2806.40970614965
0.331391746171605 2922.98740381703
0.353484529249712 2827.46693426235
0.375577312327819 2912.00102393214
0.397670095405926 3071.30353226295
0.419762878484033 3111.89210239321
0.44185566156214 2987.07461981218
0.463948444640247 3150.95478642836
0.486041227718354 3058.79126628295
0.508134010796461 2935.19449257801
0.530226793874568 2958.38796122387
0.552319576952675 2898.87840351409
0.574412360030782 2806.40970614965
0.596505143108889 2873.85387155407
0.618597926186996 2840.28437746138
0.640690709265103 2862.25713723114
0.66278349234321 2859.2053650409
0.684876275421317 2895.82663132384
0.706969058499424 2916.88385943654
0.729061841577531 3136.91663435323
0.751154624655638 3058.48608906392
0.773247407733745 3029.18907603757
0.795340190811852 2995.00922750682
0.817432973889959 3080.76402605271
0.839525756968066 2800.30616176916
0.861618540046173 2821.36338988185
0.88371132312428 2918.71492275068
0.905804106202387 2834.48601029991
0.927896889280495 2836.01189639503
0.949989672358602 2993.78851863072
0.972082455436708 3050.85665858831
0.994175238514815 2932.14272038776
1.01626802159292 3133.25450772493
1.03836080467103 3092.36076037564
1.06045358774914 2979.44518933656
1.08254637082724 2995.61958194487
1.10463915390535 2922.37704937898
1.12673193698346 2911.39066949409
1.14882472006156 2919.93563162678
1.17091750313967 2914.44244168434
1.19301028621778 2900.09911239019
1.21510306929589 2901.31982126628
1.23719585237399 3099.07465919418
1.2592886354521 3007.2163162678
1.28138141853021 3116.46976067858
1.30347420160831 3096.32806422296
1.32556698468642 2992.2626325356
1.34765976776453 3077.10189942442
1.36975255084263 2888.80755528628
1.39184533392074 2957.16725234777
1.41393811699885 2981.27625265071
1.43603090007696 2969.67951832778
1.45812368315506 2912.91655558922
1.48021646623317 2882.39883368676
1.50230924931128 3004.7748985156
1.52440203238938 2996.84029082096
1.54649481546749 3088.69863374735
1.5685875985456 3095.10735534687
1.59068038162371 3181.16733111178
1.61277316470181 3198.56243259618
1.63486594777992 3009.96291123902
1.65695873085803 3109.45068464102
1.67905151393613 2892.16450469555
1.70114429701424 2860.12089669797
1.72323708009235 2910.47513783702
1.74532986317045 2875.68493486822
1.76742264624856 2912.30620115117
1.78951542932667 2973.95199939412
1.81160821240478 3138.44252044835
1.83370099548288 2927.56506210239
1.85579377856099 3122.26812784005
1.8778865616391 3078.93296273856
1.8999793447172 2865.91926385944
1.92207212779531 3014.54056952439
1.94416491087342 2910.169960618
1.96625769395152 2853.10182066041
1.98835047702963 2757.58135110573
2.01044326010774 2932.75307482581
2.03253604318585 2941.2980369585
2.05462882626395 2912.61137837019
2.07672160934206 3035.9029748561
2.09881439242017 3226.02838230839
2.12090717549827 3110.06103907907
2.14299995857638 3174.14825507422
2.16509274165449 3099.68501363223
2.18718552473259 2960.21902453802
2.2092783078107 2985.54873371706
2.23137109088881 2956.55689790973
2.25346387396692 2853.10182066041
2.27555665704502 2743.84837624962
2.29764944012313 2875.68493486822
2.31974222320124 3061.84303847319
2.34183500627934 2990.43156922145
2.36392778935745 3103.65231747955
2.38602057243556 3130.81308997274
2.40811335551366 3201.3090275674
2.43020613859177 3033.76673432293
2.45229892166988 2953.19994850045
2.47439170474799 2952.28441684338
2.49648448782609 2952.28441684338
2.5185772709042 2735.60859133596
2.54067005398231 2904.0664162375
2.56276283706041 2887.8920236292
2.58485562013852 3034.37708876098
2.60694840321663 3047.80488639806
2.62904118629473 3023.3907088761
2.65113396937284 2976.69859436534
2.67322675245095 3101.51607694638
2.69531953552906 2981.88660708876
2.71741231860716 3180.55697667374
2.73950510168527 3027.66318994244
2.76159788476338 2817.70126325356
2.78369066784148 2945.57051802484
2.80578345091959 2818.92197212966
2.8278762339977 2813.73395940624
2.8499690170758 2917.79939109361
2.87206180015391 2966.62774613753
2.89415458323202 2959.60867009997
2.91624736631013 2984.63320205998
2.93834014938823 3038.95474704635
2.96043293246634 3083.81579824296
2.98252571554445 3104.87302635565
3.00461849862255 2971.2054044229
3.02671128170066 2994.09369584974
3.04880406477877 2880.56777037262
3.07089684785687 2935.80484701606
3.09298963093498 2905.2871251136
3.11508241401309 2867.75032717358
3.1371751970912 3048.11006361709
3.1592679801693 3152.17549530445
3.18136076324741 3064.58963344441
3.20345354632552 3237.01476219328
3.22554632940362 3203.14009088155
3.24763911248173 3147.29265980006
3.26973189555984 3084.12097546198
3.29182467863794 2943.12910027265
3.31391746171605 2938.55144198728
3.33601024479416 2885.14542865798
3.35810302787227 2842.42061799455
3.38019581095037 2858.28983338382
3.40228859402848 3028.88389881854
3.42438137710659 3035.29262041806
3.44647416018469 2960.82937897607
3.4685669432628 3078.93296273856
3.49065972634091 3017.89751893366
3.51275250941901 3176.28449560739
3.53484529249712 3036.81850651318
3.55693807557523 2989.51603756438
3.57903085865334 2925.73399878825
3.60112364173144 3017.59234171463
3.62321642480955 2908.33889730385
3.64530920788766 2960.82937897607
3.66740199096576 2964.49150560436
3.68949477404387 3132.64415328688
3.71158755712198 3073.43977279612
3.73368034020009 3054.82396243563
3.75577312327819 3148.51336867616
3.7778659063563 3046.27900030294
3.79995868943441 3073.43977279612
3.82205147251251 2895.52145410482
3.84414425559062 2919.32527718873
3.86623703866873 2923.29258103605
3.88832982174683 2948.31711299606
3.91042260482494 2934.88931535898
3.93251538790305 2973.03646773705
3.95460817098115 2884.53507421993
3.97670095405926 3061.53786125417
3.99879373713737 3007.52149348682
4.02088652021548 3219.9248379279
4.04297930329358 3282.79134504696
4.06507208637169 3117.08011511663
4.0871648694498 3032.85120266586
4.1092576525279 3052.38254468343
4.13135043560601 2766.12631323841
4.15344321868412 2842.72579521357
4.17553600176223 2891.85932747652
4.19762878484033 2990.43156922145
4.21972156791844 2973.95199939412
4.24181435099655 3204.66597697667
4.26390713407465 3271.49978794305
4.28599991715276 3179.03109057861
4.30809270023087 3116.77493789761
4.33018548330897 3279.12921841866
435227826638708 2972.73129051803
