1	73674
2	73663
3	67022
4	71461
5	74062
6	74955
7	72467
8	72904
9	73558
10	73704
11	93291
12	77844
13	78111
14	79285
15	77799
16	79419
17	77871
18	80103
19	79664
20	80813
21	83911
22	79232
23	80895
24	80247
25	82003
26	83575
27	82135
28	81872
29	84859
30	84230
31	84166
32	82456
33	83623
34	85308
35	82973
36	86677
37	85725
38	85118
39	84416
40	83591
41	83862
42	82615
43	82118
44	83763
45	82212
46	83082
47	82398
48	82100
49	83094
50	82778
51	80714
52	82301
53	80586
54	82233
55	79843
56	80073
57	78559
58	79727
59	78436
60	78413
61	75432
62	77095
63	75568
64	76546
65	76450
66	76568
67	73151
68	75149
69	75169
70	74960
71	74284
72	75701
73	73991
74	74861
75	73557
76	73268
77	74294
78	75534
79	73151
80	75648
81	73844
82	76260
83	73520
84	75670
85	74391
86	77047
87	75106
88	76708
89	76753
90	77898
91	79375
92	80611
93	77472
94	79412
95	79533
96	81226
97	80760
98	82594
99	80836
100	82249
101	83067
102	82246
103	82174
104	83348
105	81458
106	83737
107	82372
108	82234
109	82144
110	83344
111	83192
112	83925
113	83422
114	84841
115	84517
116	84978
117	85707
118	84998
119	85698
120	86160
121	85930
122	89337
123	86846
124	87013
125	89191
126	86104
127	88403
128	90141
129	88905
130	89465
131	86320
132	89280
133	86596
134	88503
135	87400
136	87315
137	86938
138	87136
139	84750
140	84725
141	85058
142	85897
143	83792
144	88146
145	84489
146	86671
147	84607
148	83055
149	81682
150	84009
151	81066
152	82018
153	81446
154	82448
155	80271
156	81923
157	79408
158	81617
159	79047
160	79749
161	79203
162	80888
163	77046
164	79527
165	78931
166	80009
167	78522
168	78274
169	77701
170	79041
171	76953
172	79621
173	77428
174	78625
175	77939
176	78454
177	78008
178	79043
179	76594
180	78663
181	77848
182	79093
183	77209
184	79653
185	77964
186	79359
187	77525
188	77746
189	79037
190	80426
191	77687
192	78955
193	79377
194	80559
195	78121
196	80200
197	78923
198	81795
199	80153
200	81427
201	80008
202	82219
203	81001
204	82934
205	83002
206	83132
207	81625
208	83890
209	83679
210	84635
211	82826
212	85150
213	82800
214	83714
215	84127
216	85236
217	86138
218	85797
219	83847
220	85653
221	84145
222	87161
223	85048
224	85175
225	85070
226	85191
227	84490
228	84074
229	83553
230	85079
231	84183
232	84234
233	83921
234	84568
235	83057
236	84998
237	82981
238	85092
239	82992
240	84374
241	82636
242	84867
243	83042
244	83475
245	82620
246	83433
247	81456
248	83195
249	79271
250	84467
251	80980
252	82757
253	83237
254	81969
255	80746
256	82896
257	80970
258	82113
259	80308
260	81570
261	80436
262	82421
263	79622
264	80119
265	80616
266	81125
267	79130
268	78629
269	78775
270	79810
271	80371
272	79282
273	79113
274	81445
275	78975
276	78578
277	79415
278	78651
279	78664
280	77933
281	79161
282	77497
283	77323
284	78791
285	78047
286	79790
287	78380
288	77954
289	80273
290	78058
291	79317
292	79226
293	78702
294	78483
295	78974
296	79268
297	78424
298	79501
299	79035
300	78849
301	79194
302	79522
303	79964
304	78679
305	80433
306	81687
307	78495
308	78363
309	78761
310	80091
311	79760
312	79194
313	79205
314	80110
315	78688
316	79775
317	78733
318	79452
319	79200
320	79618
321	79100
322	79689
323	80095
324	79421
325	78109
326	80635
327	77881
328	82131
329	78327
330	80594
331	78131
332	78737
333	79590
334	78807
335	76308
336	79679
337	76937
338	79681
339	76176
340	78511
341	79025
342	78497
343	78241
344	78707
345	77496
346	77739
347	77921
348	78104
349	78042
350	78006
351	78007
352	77377
353	76704
354	78865
355	76887
356	76281
357	76711
358	77965
359	76317
360	76283
361	76598
362	77037
363	76494
364	76569
365	76829
366	75876
367	74907
368	77278
369	75756
370	77423
371	75649
372	74797
373	75167
374	75304
375	75314
376	73681
377	74064
378	75148
379	75379
380	74525
381	72567
382	73285
383	73517
384	72501
385	72934
386	74054
387	72101
388	73256
389	71266
390	72153
391	70734
392	71100
393	71532
394	72290
395	69005
396	70797
397	71157
398	70891
399	70209
400	70312
401	69553
402	71359
403	69083
404	70109
405	68840
406	70778
407	70161
408	69844
409	71006
410	69210
411	68757
412	69609
413	69893
414	71089
415	68846
416	70318
417	71111
418	70779
419	70193
420	69912
421	69423
422	71511
423	70450
424	70817
425	69123
426	72299
427	70067
428	70951
429	71236
430	71897
431	71094
432	70914
433	69826
434	71585
435	70952
436	70644
437	71758
438	71650
439	71215
440	70996
441	73001
442	73234
443	71428
444	71584
445	72498
446	71625
447	71806
448	72320
449	72975
450	71918
451	73464
452	73415
453	74129
454	74369
455	73438
456	73605
457	73606
458	75998
459	73314
460	73300
461	72762
462	74127
463	73402
464	73029
465	72112
466	74331
467	71180
468	72827
469	71840
470	71440
471	70669
472	69757
473	72239
474	70320
475	69461
476	70853
477	69293
478	69432
479	69403
480	69284
481	70910
482	71144
483	70101
484	70095
485	70700
486	70898
487	71050
488	72242
489	71045
490	70101
491	70727
492	69412
493	68551
494	70301
495	70227
496	69664
497	68716
498	68997
499	67847
500	68502
501	66452
502	69136
503	66876
504	67033
505	67108
506	67458
507	65071
508	68053
509	66592
510	67128
511	66015
512	67897
513	66178
514	67741
515	66225
516	66298
517	66550
518	67919
519	67358
520	68218
521	66380
522	68315
523	66589
524	66787
525	66671
526	67865
527	68473
528	69292
529	68044
530	68763
531	67989
532	68423
533	69361
534	70040
535	70506
536	69250
537	69838
538	70046
539	70124
540	70544
541	69755
542	70666
543	71138
544	70240
545	71095
546	70743
547	68453
548	70921
549	72304
550	71279
551	70378
552	71209
553	70875
554	70087
555	68550
556	70689
557	67411
558	69149
559	68017
560	68331
561	67473
562	68897
563	68325
564	65682
565	68626
566	66604
567	66589
568	66332
569	66834
570	65871
571	66364
572	66699
573	66422
574	65873
575	66350
576	66589
577	64642
578	66162
579	65569
580	66743
581	65642
582	67061
583	66046
584	67304
585	66702
586	68141
587	65985
588	67749
589	68179
590	67979
591	68164
592	68115
593	67929
594	69620
595	67208
596	69252
597	66731
598	68196
599	67932
600	69218
601	67574
602	69019
603	67421
604	67788
605	66759
606	69073
607	68135
608	69585
609	68178
610	68877
611	68259
612	67417
613	67819
614	69750
615	68006
616	69429
617	69200
618	67276
619	66561
620	68232
621	66893
622	66744
623	65977
624	69178
625	66665
626	66898
627	66171
628	67211
629	65627
630	68251
631	67208
632	68800
633	68425
634	69552
635	68137
636	67645
637	69010
638	69070
639	70529
640	70523
641	69328
642	70564
643	69354
644	69951
645	69251
646	69335
647	70482
648	70736
649	71417
650	72463
651	70626
652	71118
653	71633
654	68865
655	68661
656	69153
657	67868
658	68633
659	67808
660	67673
661	65599
662	68398
663	65750
664	66755
665	65739
666	65120
667	66248
668	68471
669	67703
670	68098
671	66990
672	67084
673	65577
674	68632
675	65996
676	69777
677	68155
678	69769
679	67927
680	68932
681	70327
682	70572
683	69122
684	69575
685	70517
686	71004
687	69140
688	70025
689	71059
690	69138
691	69072
692	68884
693	68954
694	68906
695	67935
696	69699
697	68514
698	70275
699	67059
700	66716
701	67019
702	67093
703	66517
704	66542
705	65392
706	65994
707	64688
708	66792
709	65446
710	66039
711	65785
712	65825
713	65036
714	65467
715	65355
716	65787
717	66937
718	67772
719	65818
720	66047
721	68127
722	68481
723	66766
724	66582
725	67856
726	67539
727	69219
728	68641
729	68074
730	69289
731	67603
732	67115
733	68211
734	68754
735	66565
736	68708
737	67836
738	67409
739	65338
740	66231
741	66554
742	65550
743	66081
744	66084
745	65807
746	66356
747	64717
748	66171
749	67205
750	68310
751	65641
752	67071
753	67507
754	67788
755	66198
756	66978
757	66385
758	69122
759	67812
760	68420
761	67077
762	66914
763	65351
764	66238
765	66554
766	67354
767	65534
768	67984
769	66876
770	66576
771	66320
772	65820
773	66642
774	66852
775	64960
776	65569
777	66630
778	65996
779	62009
780	63465
781	65985
782	66406
783	66838
784	68829
785	67645
786	67861
787	69169
788	70212
789	68421
790	69432
791	68720
792	69327
793	69243
794	68670
795	69501
796	69446
797	68130
798	67765
799	67713
800	68840
801	67073
802	68249
803	66147
804	66743
805	66976
806	67193
807	65688
808	66175
809	66797
810	67051
811	65232
812	67420
813	68686
814	68685
815	68318
816	69978
817	68606
818	71025
819	69704
820	70501
821	68419
822	70494
823	68659
824	69697
825	68928
826	70329
827	70179
828	70807
829	68765
830	69868
831	68008
832	69626
833	67388
834	67372
835	67479
836	67203
837	66136
838	67328
839	64698
840	66657
841	66960
842	66086
843	65897
844	68232
845	67240
846	66706
847	67207
848	67711
849	67434
850	68187
851	66951
852	66889
853	65926
854	67219
855	66839
856	66797
857	66861
858	67003
859	65148
860	66776
861	65517
862	65918
863	65812
864	65653
865	64163
866	66640
867	65814
868	67827
869	67394
870	69323
871	66947
872	67502
873	67869
874	67625
875	67732
876	68535
877	65760
878	68133
879	66704
880	68294
881	65426
882	68470
883	66156
884	67085
885	66108
886	66839
887	66525
888	66921
889	65416
890	66395
891	64476
892	66651
893	65960
894	67602
895	66984
896	68887
897	67914
898	67841
899	67673
900	68515
901	69029
902	70031
903	68150
904	70805
905	70998
906	69624
907	69147
908	71082
909	68857
910	69131
911	69145
912	67613
913	66760
914	68840
915	67362
916	66381
917	66515
918	66878
919	67898
920	66919
921	67278
922	66364
923	66497
924	68115
925	68601
926	69275
927	68099
928	68133
929	69120
930	68409
931	66469
932	67922
933	68382
934	69764
935	67491
936	68149
937	67926
938	67345
939	66978
940	67997
941	66642
942	69068
943	66228
944	66511
945	67878
946	67867
947	66996
948	67687
949	67412
950	68427
951	68807
952	68052
953	66292
954	66999
955	65977
956	67287
957	66102
958	66808
959	66046
960	67119
961	64103
962	66197
963	65546
964	66322
965	65671
966	68431
967	65630
968	67311
969	66345
970	69316
971	67456
972	67902
973	67255
974	67667
975	67345
976	69202
977	65216
978	66729
979	66616
980	68107
981	67013
982	67851
983	65379
984	67930
985	67627
986	67709
987	65700
988	66268
989	65795
990	67799
991	67000
992	69028
993	66172
994	69710
995	66065
996	69149
997	68268
998	67608
999	67252
1000	68037
1001	67939
1002	69476
1003	66999
1004	68489
1005	66796
1006	68548
1007	67373
1008	67963
1009	67709
1010	67586
1011	67842
1012	65919
1013	66180
1014	71104
1015	66648
1016	68276
1017	68321
1018	69114
1019	68129
1020	67664
1021	67690
1022	68318
1023	65943
1024	69305
