1	28506
2	28456
3	27315
4	28102
5	28196
6	28211
7	27924
8	27481
9	27928
10	28067
11	35853
12	30377
13	30598
14	31692
15	31440
16	32627
17	32765
18	33703
19	34447
20	34555
21	36598
22	36437
23	36970
24	38489
25	40143
26	42955
27	42370
28	43342
29	43823
30	43772
31	45002
32	44636
33	45461
34	47471
35	48037
36	49837
37	50188
38	50270
39	50398
40	49945
41	47595
42	44719
43	44216
44	41385
45	40289
46	37637
47	35340
48	34147
49	33396
50	31852
51	30495
52	30728
53	29795
54	28453
55	26964
56	26900
57	27127
58	25939
59	25995
60	25778
61	25180
62	26475
63	25469
64	24675
65	24605
66	25384
67	24921
68	25321
69	25004
70	24844
71	24881
72	24754
73	25716
74	25223
75	25466
76	26770
77	26639
78	27880
79	27430
80	28580
81	30182
82	30668
83	33048
84	34022
85	36305
86	38455
87	39281
88	42446
89	44111
90	46264
91	46466
92	48453
93	49196
94	49027
95	49461
96	49334
97	47978
98	47304
99	46075
100	45063
101	44146
102	44335
103	42960
104	43126
105	42947
106	43029
107	43002
108	42302
109	41536
110	41678
111	39293
112	39720
113	39326
114	38628
115	37702
116	36697
117	36254
118	36337
119	35743
120	34782
121	34839
122	34709
123	34315
124	33064
125	33013
126	33400
127	33083
128	33604
129	33166
130	33536
131	33102
132	32068
133	32198
134	32081
135	30834
136	31834
137	31411
138	30637
139	30452
140	29929
141	31015
142	30538
143	30777
144	31193
145	31296
146	31677
147	31236
148	30827
149	31512
150	31468
151	32701
152	32447
153	32287
154	32944
155	32412
156	32441
157	32756
158	32805
159	33655
160	33441
161	32646
162	35082
163	34785
164	35147
165	35166
166	35282
167	36528
168	37107
169	38411
170	38064
171	38251
172	39742
173	40095
174	40315
175	40034
176	41462
177	42217
178	41083
179	42051
180	41915
181	42108
182	43576
183	42409
184	42974
185	43198
186	44214
187	43637
188	43564
189	45131
190	45191
191	46534
192	47154
193	47257
194	49041
195	49113
196	49356
197	50306
198	50734
199	52184
200	53119
201	53875
202	54164
203	53809
204	54872
205	53887
206	54528
207	54349
208	55221
209	55144
210	54679
211	54397
212	54525
213	52291
214	52147
215	50619
216	50501
217	50143
218	49575
219	47800
220	46826
221	47079
222	45396
223	44581
224	43926
225	43459
226	43066
227	41397
228	40158
229	40212
230	39884
231	39611
232	38294
233	39072
234	38496
235	37064
236	37100
237	34677
238	34950
239	35078
240	34162
241	34389
242	33835
243	32934
244	32997
245	32547
246	32959
247	31717
248	31981
249	31545
250	30827
251	31573
252	30932
253	29767
254	30399
255	30424
256	29788
257	29026
258	29441
259	28814
260	28604
261	28612
262	28855
263	28541
264	28788
265	28009
266	28436
267	27729
268	27603
269	26727
270	27798
271	27019
272	27589
273	27593
274	27739
275	27205
276	27526
277	26788
278	27260
279	26908
280	27116
281	27716
282	27423
283	27004
284	27475
285	28216
286	26556
287	26856
288	27731
289	27688
290	27543
291	28156
292	26677
293	27387
294	27529
295	27173
296	27946
297	27893
298	27742
299	26404
300	27916
301	27986
302	26825
303	28051
304	28184
305	27917
306	27923
307	28256
308	28166
309	28082
310	29431
311	28569
312	27614
313	27353
314	29417
315	28596
316	28787
317	29291
318	29203
319	28561
320	29345
321	29230
322	28618
323	28805
324	29787
325	29363
326	29996
327	29478
328	29644
329	29412
330	30419
331	29803
332	29589
333	30355
334	29077
335	30743
336	30839
337	30151
338	30136
339	31066
340	32489
341	30872
342	31975
343	31011
344	31092
345	32221
346	31885
347	31632
348	31943
349	32743
350	33637
351	33428
352	34379
353	33014
354	33796
355	33924
356	34742
357	35413
358	35830
359	36609
360	37740
361	37232
362	37759
363	37579
364	39209
365	40098
366	39634
367	40988
368	41723
369	43198
370	43685
371	43512
372	44675
373	45430
374	46570
375	48418
376	47431
377	48994
378	49053
379	49501
380	49215
381	48478
382	51148
383	50014
384	50680
385	50550
386	50610
387	49417
388	49028
389	49156
390	48830
391	48959
392	47818
393	46957
394	48041
395	44741
396	46028
397	45397
398	44786
399	43535
400	43650
401	42466
402	42513
403	41980
404	41475
405	41804
406	41870
407	40934
408	42140
409	40914
410	41772
411	39475
412	40684
413	39852
414	39827
415	39459
416	39444
417	37515
418	37521
419	37499
420	38477
421	37452
422	35915
423	35326
424	34069
425	34474
426	33766
427	32908
428	32661
429	32374
430	32682
431	31758
432	30429
433	30842
434	30436
435	29908
436	29514
437	29279
438	29567
439	27864
440	28412
441	28006
442	28033
443	27733
444	26566
445	27302
446	27498
447	26912
448	26505
449	27041
450	26875
451	27273
452	26428
453	26824
454	26638
455	27638
456	27491
457	26951
458	27558
459	27108
460	27267
461	28080
462	27384
463	27665
464	27974
465	28657
466	28636
467	29410
468	29462
469	29552
470	29611
471	29758
472	30610
473	31134
474	31685
475	32260
476	33077
477	34142
478	34622
479	36757
480	35860
481	36743
482	37603
483	37267
484	38564
485	38751
486	39446
487	40369
488	41290
489	41821
490	41554
491	42995
492	45242
493	45611
494	45746
495	46081
496	46522
497	46891
498	46241
499	45167
500	45498
501	43342
502	42059
503	39951
504	38153
505	35982
506	34865
507	32668
508	31669
509	30267
510	30889
511	28378
512	27862
513	27572
514	26177
515	25564
516	24857
517	24188
518	24611
519	23358
520	23654
521	23435
522	22593
523	22311
524	23200
525	23594
526	23190
527	23270
528	22601
529	22374
530	23211
531	24021
532	23758
533	23248
534	24121
535	24019
536	24612
537	25421
538	25472
539	26497
540	27859
541	28076
542	30074
543	30235
544	31537
545	33566
546	35016
547	36622
548	38190
549	38998
550	41193
551	42497
552	42020
553	42460
554	43180
555	41246
556	41560
557	40210
558	39142
559	39195
560	39904
561	37809
562	37130
563	35871
564	36358
565	35018
566	34512
567	32474
568	33060
569	31742
570	31516
571	29319
572	29680
573	28527
574	28240
575	28536
576	27567
577	27345
578	27211
579	27117
580	26090
581	26500
582	26745
583	26679
584	27258
585	26547
586	27438
587	26850
588	28178
589	27889
590	28760
591	28388
592	29213
593	29496
594	30654
595	30809
596	32356
597	32503
598	33830
599	34194
600	35115
601	36139
602	36880
603	36386
604	37806
605	36995
606	38856
607	38557
608	40405
609	39527
610	40194
611	39555
612	38853
613	36918
614	37531
615	34917
616	32910
617	31298
618	30591
619	28624
620	27009
621	27021
622	26521
623	24235
624	25534
625	25379
626	24385
627	23493
628	23900
629	24172
630	24649
631	24455
632	25487
633	24708
634	27036
635	26467
636	26919
637	27916
638	28431
639	29641
640	32317
641	33518
642	35896
643	35994
644	38726
645	38828
646	42358
647	43805
648	46213
649	47020
650	46746
651	47616
652	47482
653	43869
654	42381
655	40010
656	40626
657	37972
658	37306
659	35680
660	33313
661	32576
662	32035
663	30040
664	29835
665	29744
666	29054
667	29836
668	31747
669	32594
670	33370
671	32165
672	31443
673	31297
674	30992
675	31381
676	30063
677	31278
678	32772
679	32022
680	33046
681	32215
682	33422
683	35450
684	36014
685	36382
686	36894
687	38148
688	37668
689	37394
690	38264
691	37816
692	38186
693	38716
694	36973
695	34229
696	33749
697	30791
698	30048
699	26018
700	26684
701	24456
702	24331
703	23749
704	23190
705	23029
706	23435
707	22628
708	23179
709	22658
710	23247
711	23660
712	23814
713	24388
714	25113
715	26466
716	26847
717	27327
718	30370
719	30127
720	33594
721	35138
722	35712
723	36866
724	36431
725	35331
726	35934
727	34165
728	34325
729	32953
730	33130
731	31605
732	29688
733	29887
734	28902
735	27928
736	28296
737	26433
738	26166
739	25840
740	25949
741	25603
742	26177
743	25463
744	26888
745	26145
746	27140
747	27091
748	26967
749	28164
750	29053
751	29741
752	30765
753	31015
754	32009
755	32385
756	32694
757	34020
758	34849
759	35536
760	35065
761	34598
762	34041
763	31471
764	29182
765	27480
766	26155
767	25529
768	24422
769	24280
770	23230
771	23400
772	22688
773	23415
774	22666
775	22965
776	23163
777	24864
778	23978
779	24217
780	25719
781	27696
782	28959
783	30507
784	32313
785	33662
786	34655
787	34412
788	35431
789	35217
790	33869
791	32553
792	32354
793	31094
794	31631
795	30239
796	29528
797	28140
798	28074
799	27018
800	26155
801	26864
802	26582
803	25759
804	26424
805	26703
806	27027
807	27363
808	27793
809	28071
810	28808
811	29813
812	31065
813	31479
814	32741
815	32007
816	34245
817	34152
818	35684
819	34959
820	33935
821	33110
822	31383
823	28756
824	28140
825	25260
826	24924
827	24153
828	23910
829	23703
830	23623
831	23982
832	23413
833	23368
834	25067
835	24262
836	25397
837	26976
838	28145
839	29303
840	31061
841	33216
842	33394
843	33651
844	34770
845	32795
846	32542
847	31726
848	30201
849	29826
850	28818
851	28338
852	27462
853	26674
854	25629
855	25830
856	25417
857	25640
858	23872
859	25726
860	24457
861	26215
862	26864
863	27186
864	27270
865	28801
866	30840
867	31070
868	30333
869	31898
870	32295
871	33193
872	32382
873	31762
874	29685
875	29413
876	27389
877	25460
878	25309
879	24597
880	23476
881	23436
882	23828
883	22934
884	23750
885	23997
886	24462
887	25931
888	25946
889	26527
890	28622
891	30576
892	31488
893	31838
894	33532
895	32876
896	31937
897	31804
898	31768
899	29859
900	29545
901	28162
902	27799
903	26813
904	26953
905	25586
906	26513
907	26059
908	25955
909	26620
910	26960
911	26348
912	27834
913	26770
914	28595
915	29578
916	30316
917	30270
918	31171
919	31137
920	32555
921	31672
922	30660
923	29050
924	27081
925	26149
926	25296
927	23986
928	23512
929	24026
930	24235
931	23440
932	23474
933	24550
934	24278
935	25155
936	25915
937	27160
938	28375
939	30609
940	30660
941	32436
942	31914
943	31340
944	30380
945	29190
946	27350
947	28515
948	26659
949	26246
950	24979
951	25927
952	26592
953	25567
954	25424
955	24772
956	25670
957	27103
958	26626
959	26501
960	28118
961	29044
962	29688
963	29986
964	30292
965	30206
966	30712
967	29418
968	28602
969	25684
970	25547
971	24043
972	23668
973	23347
974	23714
975	22837
976	23471
977	24550
978	24611
979	24621
980	26877
981	27987
982	28657
983	30081
984	31512
985	30773
986	30902
987	29683
988	28899
989	27912
990	28361
991	25722
992	26346
993	26396
994	25977
995	24845
996	25624
997	25595
998	25078
999	26562
1000	27316
1001	26375
1002	27879
1003	27889
1004	28906
1005	29244
1006	30628
1007	31071
1008	29469
1009	29446
1010	28263
1011	26113
1012	24113
1013	24408
1014	24093
1015	24399
1016	24032
1017	23738
1018	24612
1019	25252
1020	26212
1021	26310
1022	26789
1023	28578
1024	30354
