1	55264
2	55374
3	51562
4	54248
5	57275
6	57886
7	56654
8	57019
9	56335
10	57766
11	70975
12	59421
13	60411
14	61315
15	61830
16	61721
17	61638
18	64156
19	61589
20	61358
21	64016
22	60389
23	61015
24	60779
25	62800
26	63395
27	62081
28	63324
29	62908
30	63048
31	62969
32	61093
33	63000
34	63906
35	62240
36	62926
37	63317
38	63456
39	62795
40	63148
41	62928
42	62232
43	61979
44	62266
45	62139
46	62082
47	63224
48	62496
49	62459
50	63076
51	63123
52	63957
53	63514
54	65307
55	65033
56	65325
57	65284
58	66267
59	66004
60	66341
61	66482
62	68167
63	68402
64	69221
65	68940
66	68351
67	68960
68	67983
69	69223
70	68432
71	69031
72	67910
73	66706
74	67942
75	66182
76	66110
77	68348
78	68568
79	68821
80	69165
81	68923
82	70505
83	68924
84	72247
85	70822
86	72496
87	70790
88	70489
89	71338
90	70648
91	68740
92	69911
93	68527
94	68595
95	65830
96	67055
97	67122
98	65972
99	65368
100	65651
101	64897
102	66036
103	63657
104	64374
105	63059
106	64484
107	64053
108	63417
109	64037
110	63837
111	62054
112	63302
113	62378
114	63635
115	62225
116	63120
117	62826
118	63106
119	63707
120	62896
121	64043
122	64311
123	64110
124	63299
125	63669
126	63409
127	62992
128	64423
129	63499
130	62820
131	64589
132	63453
133	64802
134	64739
135	62787
136	62898
137	62870
138	62304
139	63402
140	62004
141	63617
142	63218
143	63327
144	63801
145	63290
146	63107
147	61711
148	61983
149	63180
150	63052
151	61992
152	60931
153	61422
154	62697
155	61692
156	61307
157	60992
158	62101
159	61260
160	60513
161	60577
162	60737
163	61153
164	60954
165	60760
166	61734
167	60624
168	59651
169	59453
170	60452
171	59421
172	58994
173	59008
174	60090
175	59737
176	61018
177	60566
178	60372
179	59665
180	59531
181	59497
182	61520
183	58800
184	61544
185	61175
186	60600
187	58542
188	60230
189	62436
190	59391
191	61565
192	62163
193	61246
194	62380
195	60798
196	61173
197	61264
198	62780
199	62307
200	60904
201	62674
202	63565
203	62338
204	62341
205	62514
206	62879
207	63087
208	62958
209	62896
210	63343
211	63160
212	64938
213	64482
214	64573
215	63585
216	64559
217	63326
218	63414
219	64301
220	64830
221	63123
222	64993
223	63820
224	64467
225	63966
226	64962
227	63819
228	62436
229	63894
230	65330
231	64065
232	63253
233	65153
234	65045
235	63024
236	64140
237	63256
238	63966
239	63281
240	63335
241	62783
242	64500
243	64438
244	64209
245	62262
246	63928
247	62329
248	62721
249	63254
250	62801
251	62003
252	63598
253	61718
254	62110
255	62357
256	63537
257	61563
258	63007
259	62300
260	60197
261	61125
262	62973
263	61429
264	60929
265	62386
266	61965
267	59494
268	60457
269	60031
270	60274
271	60493
272	61120
273	61214
274	60826
275	59874
276	59940
277	59361
278	59795
279	60358
280	59635
281	61788
282	60734
283	60200
284	59515
285	59612
286	60703
287	60312
288	58494
289	59449
290	60791
291	61291
292	61538
293	59702
294	59258
295	59530
296	60025
297	60240
298	60710
299	59650
300	60476
301	60707
302	60886
303	60942
304	60994
305	59954
306	61014
307	60343
308	60258
309	60730
310	60509
311	61208
312	61085
313	60334
314	61374
315	60113
316	60440
317	59865
318	61044
319	60268
320	60779
321	61470
322	59966
323	60333
324	60629
325	60698
326	60452
327	60019
328	60897
329	60388
330	60362
331	59960
332	59402
333	60410
334	60976
335	59627
336	60466
337	60774
338	60652
339	59332
340	59579
341	60903
342	60783
343	60955
344	59927
345	58237
346	60295
347	57249
348	59263
349	59144
350	60096
351	59405
352	57284
353	59180
354	59409
355	58164
356	58775
357	58919
358	58797
359	57447
360	58220
361	58609
362	57417
363	57658
364	57365
365	57101
366	58904
367	55829
368	57328
369	57764
370	57644
371	56324
372	55939
373	57412
374	56854
375	56809
376	58128
377	55553
378	57331
379	56391
380	55474
381	55111
382	56561
383	56304
384	56169
385	57037
386	55863
387	54958
388	55290
389	56208
390	56121
391	54246
392	55630
393	55643
394	53890
395	52849
396	54399
397	53155
398	53758
399	53346
400	54223
401	54584
402	55366
403	53530
404	53390
405	53087
406	54313
407	53768
408	52847
409	53992
410	54061
411	53786
412	53746
413	52609
414	52965
415	53501
416	54387
417	54329
418	52912
419	53309
420	53013
421	53945
422	53853
423	54229
424	53813
425	52192
426	54329
427	53057
428	53403
429	53047
430	53259
431	53271
432	54882
433	53448
434	54648
435	53015
436	53979
437	51558
438	53386
439	53201
440	54171
441	53494
442	52829
443	52451
444	53742
445	52228
446	53265
447	53038
448	52994
449	52442
450	54532
451	51792
452	53716
453	52805
454	53555
455	52481
456	53233
457	53776
458	53712
459	52787
460	54058
461	52178
462	54534
463	51619
464	52437
465	53838
466	53563
467	52618
468	53276
469	53033
470	53349
471	52350
472	54172
473	51145
474	53594
475	52209
476	52253
477	51621
478	53216
479	52903
480	53650
481	53861
482	54381
483	54049
484	55597
485	55226
486	54215
487	55223
488	56321
489	56520
490	57680
491	57395
492	57224
493	58581
494	60598
495	59670
496	60635
497	60999
498	62716
499	62836
500	62379
501	63432
502	65216
503	64162
504	63273
505	63620
506	64777
507	63094
508	63526
509	64643
510	60950
511	62626
512	62938
513	61922
514	62498
515	62394
516	62071
517	61845
518	62234
519	62913
520	61860
521	63138
522	63969
523	61587
524	61966
525	60620
526	61038
527	61965
528	58916
529	59554
530	58215
531	56692
532	57079
533	56153
534	57262
535	54881
536	55101
537	55583
538	53679
539	53018
540	53973
541	53354
542	53996
543	51945
544	53499
545	52334
546	54184
547	52086
548	53105
549	51346
550	53635
551	52929
552	52104
553	52090
554	53373
555	51155
556	51649
557	51082
558	51256
559	51398
560	52576
561	51839
562	50774
563	50667
564	49757
565	51110
566	50535
567	50482
568	51112
569	50509
570	50827
571	50865
572	49772
573	49825
574	49234
575	52328
576	50940
577	50489
578	50539
579	50748
580	50180
581	51899
582	50493
583	52239
584	50859
585	51946
586	52362
587	50513
588	51597
589	50343
590	51252
591	51505
592	52309
593	51730
594	50607
595	52026
596	51586
597	51335
598	52303
599	50746
600	52452
601	51931
602	52945
603	52725
604	52134
605	52440
606	52655
607	53141
608	54056
609	54967
610	55816
611	54851
612	57982
613	57578
614	58523
615	59765
616	61350
617	61158
618	61893
619	62476
620	62872
621	61589
622	61966
623	60720
624	62229
625	62485
626	61005
627	60026
628	60391
629	60497
630	60863
631	60820
632	60833
633	59799
634	60108
635	58141
636	57602
637	57609
638	57692
639	55650
640	57259
641	53906
642	54096
643	54208
644	53774
645	53147
646	53435
647	52367
648	53295
649	53338
650	53285
651	53463
652	51906
653	52132
654	52187
655	53223
656	51801
657	51721
658	53671
659	51958
660	52711
661	52239
662	50779
663	50882
664	52623
665	51276
666	50536
667	51158
668	51800
669	52617
670	52303
671	51323
672	51136
673	52324
674	51061
675	50365
676	51864
677	51600
678	52394
679	50936
680	50954
681	52554
682	52150
683	50711
684	51625
685	51031
686	52643
687	52234
688	52456
689	51240
690	52653
691	52868
692	52271
693	52964
694	52572
695	53212
696	55330
697	55869
698	56588
699	56546
700	57568
701	58340
702	57862
703	59660
704	59291
705	59269
706	59566
707	58117
708	59181
709	58226
710	58590
711	59197
712	59364
713	59091
714	58002
715	58168
716	58623
717	56745
718	55904
719	55659
720	53375
721	54205
722	54172
723	53482
724	51685
725	52186
726	52790
727	52258
728	51401
729	50905
730	52323
731	50617
732	50282
733	49872
734	49758
735	50725
736	50372
737	49104
738	50825
739	49280
740	49574
741	49944
742	51193
743	49487
744	49468
745	50333
746	51131
747	50042
748	49834
749	50851
750	50932
751	50547
752	51460
753	50876
754	50222
755	51520
756	50839
757	52462
758	52017
759	52001
760	52289
761	51817
762	52625
763	53447
764	52600
765	54758
766	55051
767	54195
768	55676
769	57862
770	59031
771	56999
772	57605
773	58797
774	58387
775	57223
776	56419
777	58345
778	56687
779	54035
780	56019
781	56213
782	57093
783	56705
784	55329
785	55323
786	55154
787	53856
788	53726
789	53507
790	51588
791	51882
792	51409
793	50824
794	52068
795	51823
796	53003
797	51618
798	51549
799	51549
800	51269
801	51424
802	51879
803	51576
804	52592
805	52140
806	51806
807	51397
808	51457
809	52181
810	51440
811	52298
812	51406
813	52126
814	52789
815	51227
816	52412
817	52343
818	52618
819	52185
820	52146
821	52333
822	53366
823	52986
824	53560
825	52834
826	53580
827	54314
828	54561
829	54583
830	55128
831	57739
832	57438
833	57921
834	59214
835	57184
836	58022
837	57300
838	57115
839	56355
840	57020
841	57968
842	58110
843	56599
844	56474
845	56100
846	54937
847	53984
848	53312
849	52981
850	51791
851	52624
852	51557
853	52115
854	51340
855	50849
856	51345
857	49660
858	50299
859	49943
860	50503
861	49446
862	48694
863	49358
864	50894
865	49071
866	50528
867	49382
868	49902
869	50873
870	51232
871	50388
872	50225
873	49464
874	51800
875	50404
876	51054
877	51711
878	50800
879	52946
880	51852
881	52035
882	52294
883	54572
884	56572
885	56098
886	56862
887	57566
888	57577
889	58118
890	58761
891	57551
892	57788
893	56801
894	57780
895	56290
896	56972
897	57262
898	56627
899	54912
900	54401
901	54303
902	53354
903	53083
904	52293
905	51868
906	52470
907	50875
908	51811
909	51617
910	50813
911	51352
912	51865
913	50501
914	51839
915	49471
916	51713
917	50914
918	52982
919	50060
920	52390
921	53305
922	51310
923	52340
924	52094
925	52155
926	53224
927	52110
928	52269
929	53057
930	53744
931	53014
932	53383
933	55275
934	54959
935	54985
936	56477
937	57223
938	58203
939	56778
940	57798
941	55224
942	55840
943	56738
944	55988
945	55411
946	55027
947	54742
948	54977
949	53358
950	54284
951	51358
952	52653
953	52736
954	52188
955	52701
956	51648
957	51462
958	51165
959	50663
960	50421
961	50759
962	50777
963	50409
964	51987
965	51894
966	50692
967	49998
968	51129
969	50222
970	52104
971	50457
972	50930
973	50184
974	51604
975	51529
976	53698
977	51970
978	52394
979	51957
980	53509
981	54780
982	55622
983	55496
984	57334
985	56975
986	57845
987	55585
988	55500
989	55773
990	55805
991	55169
992	56343
993	54438
994	55591
995	53057
996	53453
997	52940
998	52050
999	52561
1000	51752
1001	50907
1002	52272
1003	50537
1004	50607
1005	50902
1006	51429
1007	51658
1008	51385
1009	51038
1010	51189
1011	51023
1012	52158
1013	50726
1014	52217
1015	51778
1016	52976
1017	52454
1018	53189
1019	52543
1020	51896
1021	52951
1022	53346
1023	53854
1024	54234
