1	63688
2	63840
3	63734
4	64021
5	63903
6	63654
7	64231
8	63916
9	63952
10	63987
11	65845
12	65411
13	65422
14	65382
15	65326
16	65256
17	64629
18	65174
19	65727
20	65020
21	64915
22	64653
23	64973
24	65233
25	64603
26	65115
27	64967
28	65810
29	66244
30	65529
31	65904
32	65678
33	65455
34	65862
35	65469
36	66353
37	66221
38	65792
39	66899
40	66493
41	66602
42	67276
43	67654
44	67834
45	67477
46	68436
47	68094
48	69672
49	69557
50	69962
51	70110
52	71338
53	71244
54	71495
55	70945
56	70604
57	71664
58	71078
59	71695
60	72296
61	71656
62	73023
63	73792
64	73347
65	72563
66	73347
67	74748
68	73141
69	74998
70	73900
71	75260
72	73840
73	75385
74	75086
75	73779
76	75257
77	74800
78	74381
79	75063
80	75279
81	75985
82	75582
83	77038
84	77202
85	77214
86	78314
87	78588
88	79215
89	80275
90	79883
91	80576
92	80043
93	80359
94	79598
95	79865
96	80591
97	80223
98	79903
99	80237
100	79809
101	80678
102	80043
103	79453
104	78890
105	79466
106	78932
107	78747
108	77971
109	77659
110	77372
111	77339
112	76276
113	76275
114	76034
115	75023
116	74768
117	74118
118	73214
119	73598
120	73449
121	72111
122	72694
123	72189
124	71744
125	71676
126	71843
127	71275
128	71712
129	71339
130	70686
131	70880
132	71144
133	70602
134	70762
135	70831
136	70117
137	69442
138	69599
139	69880
140	69731
141	69929
142	69786
143	69158
144	69052
145	68871
146	69712
147	68766
148	69026
149	68261
150	68952
151	69051
152	68493
153	68627
154	68626
155	68364
156	68840
157	67643
158	68030
159	67955
160	68404
161	68637
162	68596
163	69073
164	68553
165	68413
166	68687
167	68420
168	68724
169	68688
170	68644
171	69287
172	68737
173	68785
174	69019
175	68292
176	68867
177	68691
178	69218
179	68573
180	69168
181	69136
182	68939
183	68277
184	69299
185	69025
186	69239
187	70039
188	68594
189	68832
190	69702
191	69614
192	68824
193	68962
194	70124
195	69745
196	69572
197	69413
198	69303
199	69276
200	70411
201	70211
202	70014
203	69984
204	69924
205	70124
206	69990
207	70536
208	70211
209	70104
210	70826
211	71133
212	70888
213	70850
214	70812
215	71098
216	71671
217	71018
218	70956
219	70994
220	71348
221	71537
222	71615
223	71798
224	71673
225	71450
226	71708
227	72280
228	71745
229	72427
230	71875
231	72160
232	72361
233	72309
234	72499
235	72674
236	73248
237	73103
238	72660
239	73036
240	72232
241	72699
242	73574
243	73521
244	73401
245	73753
246	73874
247	73239
248	73253
249	73439
250	73361
251	74235
252	73979
253	74353
254	73419
255	73229
256	74783
257	73920
258	74334
259	74791
260	74396
261	74473
262	74524
263	74923
264	74241
265	74568
266	75105
267	74692
268	74646
269	75058
270	74452
271	75072
272	74663
273	74783
274	74689
275	75169
276	75511
277	75341
278	74864
279	75652
280	74838
281	74875
282	75541
283	75799
284	75547
285	75415
286	75969
287	75455
288	75430
289	75274
290	75580
291	75339
292	75992
293	75543
294	75709
295	75687
296	76208
297	75579
298	75890
299	75588
300	76563
301	75821
302	75337
303	76716
304	76213
305	76054
306	76110
307	75807
308	75220
309	77362
310	76486
311	75861
312	75409
313	76035
314	77590
315	75834
316	77182
317	77180
318	75003
319	76127
320	77122
321	76719
322	75999
323	75884
324	76738
325	75645
326	76234
327	75507
328	76142
329	76931
330	77201
331	77089
332	76330
333	76337
334	76241
335	75554
336	76349
337	76257
338	75802
339	76320
340	76651
341	76794
342	76163
343	76691
344	76698
345	76203
346	76454
347	75847
348	75868
349	76453
350	76362
351	75431
352	76132
353	75935
354	75835
355	76120
356	76256
357	75891
358	75990
359	76207
360	75864
361	76099
362	76544
363	75978
364	75216
365	75583
366	75920
367	75464
368	75788
369	76296
370	75517
371	76762
372	75503
373	74977
374	74803
375	75654
376	75872
377	75295
378	75523
379	76044
380	75304
381	75611
382	75744
383	75851
384	75682
385	76078
386	75758
387	75329
388	75937
389	76176
390	75629
391	75325
392	75766
393	76352
394	75666
395	75812
396	75255
397	76270
398	76396
399	76113
400	76672
401	76691
402	76456
403	76529
404	76353
405	76048
406	77123
407	77008
408	77498
409	77195
410	76979
411	77045
412	77557
413	77526
414	77428
415	77816
416	77933
417	78304
418	78023
419	78409
420	78248
421	78413
422	79372
423	78876
424	79209
425	79146
426	79727
427	79593
428	79621
429	80362
430	80121
431	81709
432	81245
433	81621
434	82021
435	82519
436	82807
437	83265
438	83385
439	84796
440	85315
441	85517
442	86042
443	87254
444	87791
445	88253
446	88815
447	89358
448	90539
449	92008
450	92043
451	93841
452	94756
453	96264
454	97898
455	99692
456	100748
457	102766
458	105209
459	107126
460	109935
461	111883
462	114880
463	117477
464	120557
465	123227
466	127684
467	130005
468	132302
469	137169
470	140745
471	144351
472	148103
473	152705
474	157944
475	162050
476	168355
477	173939
478	180238
479	186859
480	192569
481	197819
482	203056
483	206889
484	209931
485	211669
486	212345
487	212375
488	209946
489	207476
490	205413
491	200870
492	196688
493	190772
494	185892
495	180194
496	173324
497	167483
498	162926
499	157146
500	151617
501	146902
502	142116
503	137628
504	133727
505	128944
506	124737
507	120908
508	117184
509	113542
510	109286
511	107286
512	104495
513	101582
514	99274
515	97643
516	96474
517	94317
518	93348
519	92032
520	90700
521	90827
522	88971
523	88090
524	88007
525	86843
526	85974
527	85852
528	85582
529	85125
530	83800
531	84521
532	83537
533	84319
534	83955
535	84015
536	83226
537	83544
538	83409
539	82841
540	82193
541	82920
542	82143
543	82344
544	82035
545	82437
546	81660
547	81721
548	81921
549	81262
550	81188
551	80818
552	80427
553	80824
554	81373
555	80582
556	80604
557	80691
558	80369
559	80429
560	81207
561	80838
562	80993
563	81742
564	81762
565	81046
566	82387
567	81330
568	82959
569	82473
570	83516
571	82107
572	85021
573	84559
574	84545
575	86225
576	86688
577	88124
578	88314
579	90257
580	91937
581	91506
582	94336
583	96049
584	99087
585	100048
586	103493
587	108376
588	111662
589	116734
590	120335
591	126917
592	133054
593	138016
594	143519
595	149169
596	154584
597	160122
598	165879
599	173403
600	181298
601	189088
602	197426
603	204992
604	210286
605	215080
606	217989
607	219138
608	217788
609	215035
610	208914
611	203208
612	196072
613	186218
614	178547
615	169447
616	159968
617	151762
618	142950
619	134911
620	128548
621	122652
622	118230
623	114313
624	111044
625	108133
626	103426
627	100445
628	98935
629	96777
630	96469
631	95128
632	94087
633	94126
634	93626
635	92376
636	93227
637	92582
638	92834
639	92274
640	90849
641	90573
642	91558
643	90680
644	91267
645	91106
646	90398
647	90410
648	90546
649	89842
650	90048
651	89690
652	91270
653	91163
654	91309
655	92079
656	91603
657	91885
658	92685
659	91923
660	93385
661	94022
662	93870
663	95115
664	95990
665	96694
666	98338
667	98916
668	101456
669	103032
670	105049
671	107384
672	110037
673	113651
674	116839
675	120475
676	125209
677	130715
678	136504
679	142764
680	148743
681	154079
682	159799
683	164587
684	169406
685	174749
686	181906
687	189173
688	195357
689	203620
690	209273
691	213573
692	216203
693	215731
694	211567
695	206460
696	198556
697	188488
698	177368
699	165303
700	154660
701	144056
702	133628
703	124425
704	117947
705	110788
706	105540
707	101915
708	98733
709	95831
710	92144
711	89396
712	88307
713	86275
714	86617
715	85504
716	84855
717	84088
718	84087
719	83485
720	83199
721	82869
722	82384
723	81993
724	82438
725	81491
726	82322
727	81727
728	82936
729	82343
730	82291
731	82897
732	83163
733	83753
734	84724
735	85053
736	85978
737	87351
738	88950
739	89836
740	92033
741	93927
742	96265
743	98319
744	101900
745	104714
746	109336
747	113240
748	119369
749	126034
750	132793
751	140654
752	147929
753	153137
754	158978
755	163952
756	168003
757	174193
758	180594
759	187606
760	195038
761	200760
762	204745
763	205410
764	202323
765	196709
766	188361
767	177190
768	164817
769	152598
770	140731
771	130417
772	121004
773	114114
774	106779
775	102661
776	98704
777	95434
778	92398
779	89488
780	87509
781	87077
782	86405
783	84897
784	85454
785	85382
786	84382
787	84114
788	84745
789	83080
790	83806
791	83206
792	83056
793	83648
794	83801
795	83912
796	84681
797	85468
798	85913
799	86250
800	88123
801	89059
802	90677
803	92665
804	94524
805	97710
806	99500
807	103470
808	107913
809	111329
810	116391
811	123232
812	130592
813	138583
814	145036
815	150991
816	154975
817	157389
818	161849
819	166382
820	172726
821	178582
822	184731
823	188668
824	189289
825	185436
826	179204
827	169467
828	157819
829	146043
830	134287
831	124195
832	115575
833	108241
834	102210
835	98485
836	93998
837	91820
838	89754
839	86783
840	86420
841	85919
842	85801
843	85518
844	85777
845	85288
846	85280
847	84975
848	85529
849	85071
850	85124
851	85255
852	85281
853	86382
854	87175
855	87083
856	88499
857	89842
858	91152
859	93159
860	95808
861	98631
862	100746
863	104152
864	108057
865	113179
866	118121
867	125101
868	133061
869	138458
870	145055
871	146697
872	148913
873	151462
874	154761
875	158648
876	163951
877	168072
878	170287
879	167653
880	163283
881	153932
882	144347
883	133301
884	122365
885	112603
886	104977
887	99469
888	93868
889	90814
890	88282
891	86433
892	83993
893	83288
894	83080
895	83689
896	83357
897	82629
898	83300
899	82178
900	82324
901	82316
902	82493
903	82171
904	83375
905	83822
906	84811
907	85538
908	86865
909	88238
910	90385
911	93264
912	95279
913	97736
914	101502
915	104942
916	109418
917	115160
918	122238
919	128452
920	133962
921	135331
922	136319
923	137209
924	138602
925	141045
926	143939
927	142628
928	143227
929	138841
930	133083
931	123032
932	113457
933	105133
934	97697
935	93513
936	89287
937	86662
938	84101
939	82663
940	81385
941	80253
942	81294
943	80865
944	80509
945	80510
946	80254
947	80140
948	79826
949	80223
950	81040
951	80899
952	81892
953	82321
954	82740
955	83958
956	85488
957	86692
958	87603
959	90617
960	93008
961	95247
962	97935
963	100647
964	106442
965	110903
966	115377
967	117113
968	116748
969	114577
970	115155
971	114722
972	114242
973	112872
974	108331
975	102707
976	97348
977	92176
978	87081
979	85219
980	83313
981	81267
982	80817
983	80084
984	80013
985	80444
986	79695
987	79683
988	79127
989	78651
990	79122
991	78580
992	79389
993	79286
994	78998
995	79824
996	80062
997	80956
998	80292
999	81871
1000	82944
1001	84646
1002	85192
1003	86975
1004	89201
1005	89937
1006	92664
1007	95331
1008	99369
1009	102723
1010	103967
1011	102808
1012	100361
1013	97430
1014	95214
1015	92013
1016	89397
1017	86647
1018	83266
1019	81797
1020	80118
1021	79544
1022	78523
1023	78176
1024	78658
